    0.04      2170        81      76.167999      60.873001      -0.000060       0.000230       0.000000      -0.000050       0.000220      -0.000040      -0.000050       0.000220      -0.000080      -0.000050       0.000210      -0.000110       0.000290      -0.000890      -0.000150     173.300003
    0.04      2150        81      75.202003      61.115002       0.000130      -0.000100       0.000000       0.000130      -0.000110      -0.000020       0.000130      -0.000110      -0.000040       0.000120      -0.000110      -0.000060      -0.000600       0.000480      -0.000070     173.300003
    0.04      2169        81      76.233002      61.115002      -0.000120      -0.000120       0.000000      -0.000110      -0.000130       0.000130      -0.000110      -0.000120       0.000250      -0.000100      -0.000120       0.000380       0.000400       0.000410       0.000500     173.300003
    0.04      2169        81      76.233002      61.115002      -0.000120      -0.000120       0.000000      -0.000110      -0.000130       0.000130      -0.000110      -0.000120       0.000250      -0.000100      -0.000120       0.000380       0.000400       0.000410       0.000500     173.300003
    0.04      2169        81      76.233002      61.115002      -0.000120      -0.000120       0.000000      -0.000110      -0.000130       0.000130      -0.000110      -0.000120       0.000250      -0.000100      -0.000120       0.000380       0.000400       0.000410       0.000500     173.300003
    0.08      2170        81      76.167999      60.873001      -0.000820       0.002600       0.000000      -0.000710       0.002230      -0.000580      -0.000650       0.002030      -0.001110      -0.000180      -0.000200      -0.001600       0.004060      -0.008210      -0.001250     173.299988
    0.08      2150        81      75.202003      61.115002       0.001690      -0.000350       0.000000       0.001710      -0.000560      -0.000700       0.001630      -0.000520      -0.001330       0.001220      -0.001750      -0.001930      -0.007110       0.005080      -0.001800     173.299957
    0.08      2169        81      76.233002      61.115002      -0.001460      -0.000440       0.000000      -0.001260      -0.000640       0.001360      -0.001150      -0.000570       0.002610      -0.000280      -0.000560       0.003750       0.004810       0.000160       0.003990     173.299973
    0.08      2169        81      76.233002      61.115002      -0.001460      -0.000440       0.000000      -0.001260      -0.000640       0.001360      -0.001150      -0.000570       0.002610      -0.000280      -0.000560       0.003750       0.004810       0.000160       0.003990     173.299973
    0.08      2169        81      76.233002      61.115002      -0.001460      -0.000440       0.000000      -0.001260      -0.000640       0.001360      -0.001150      -0.000570       0.002610      -0.000280      -0.000560       0.003750       0.004810       0.000160       0.003990     173.299973
    0.13      2170        81      76.167999      60.873001       0.040800       0.020530       0.000000       0.041490       0.017640      -0.001070       0.042460       0.014570      -0.001680       0.041870       0.006900      -0.001950       0.042790       0.014810       0.000630     173.198730
    0.13      2150        81      75.202003      61.115002       0.045200       0.014710       0.000000       0.044590       0.014070      -0.000810       0.042850       0.015920      -0.001170       0.042780       0.008990      -0.001460       0.028190       0.036660       0.000420     173.198868
    0.13      2169        81      76.233002      61.115002       0.039020       0.010880       0.000000       0.040620       0.011710       0.003700       0.042910       0.013320       0.005960       0.045990       0.014060       0.006400       0.043180       0.028030       0.004050     173.198822
    0.13      2169        81      76.233002      61.115002       0.039020       0.010880       0.000000       0.040620       0.011710       0.003700       0.042910       0.013320       0.005960       0.045990       0.014060       0.006400       0.043180       0.028030       0.004050     173.198822
    0.13      2169        81      76.233002      61.115002       0.039020       0.010880       0.000000       0.040620       0.011710       0.003700       0.042910       0.013320       0.005960       0.045990       0.014060       0.006400       0.043180       0.028030       0.004050     173.198822
    0.17      2170        81      76.167999      60.873001       0.110050       0.032040       0.000000       0.111730       0.033350       0.002470       0.113060       0.039780       0.003970       0.113680       0.043850       0.003890       0.103400       0.058260       0.001370     173.073639
    0.17      2150        81      75.202003      61.115002       0.111830       0.044920       0.000000       0.112260       0.041810      -0.002730       0.113230       0.041490      -0.002620       0.115150       0.034030      -0.000430       0.093160       0.070950       0.002550     173.073837
    0.17      2169        81      76.233002      61.115002       0.117390       0.043920       0.000000       0.117110       0.042190      -0.002690       0.114380       0.041770      -0.004960       0.111100       0.042830      -0.005460       0.103090       0.047110      -0.004910     173.073608
    0.17      2169        81      76.233002      61.115002       0.117390       0.043920       0.000000       0.117110       0.042190      -0.002690       0.114380       0.041770      -0.004960       0.111100       0.042830      -0.005460       0.103090       0.047110      -0.004910     173.073608
    0.17      2169        81      76.233002      61.115002       0.117390       0.043920       0.000000       0.117110       0.042190      -0.002690       0.114380       0.041770      -0.004960       0.111100       0.042830      -0.005460       0.103090       0.047110      -0.004910     173.073608
    0.21      2170        81      76.167999      60.873001       0.202530       0.070410       0.000000       0.204470       0.072220       0.003010       0.205380       0.074310       0.002900       0.198680       0.077110       0.001580       0.184340       0.082740       0.001700     172.922699
    0.21      2150        81      75.202003      61.115002       0.196260       0.087500       0.000000       0.200060       0.080840      -0.001800       0.201290       0.076410      -0.001600       0.200680       0.076900       0.001010       0.184610       0.096510       0.002000     172.922623
    0.21      2169        81      76.233002      61.115002       0.216450       0.075330       0.000000       0.210200       0.077730      -0.000660       0.206070       0.079740      -0.001280       0.200050       0.083030      -0.001900       0.180740       0.087570      -0.001710     172.922592
    0.21      2169        81      76.233002      61.115002       0.216450       0.075330       0.000000       0.210200       0.077730      -0.000660       0.206070       0.079740      -0.001280       0.200050       0.083030      -0.001900       0.180740       0.087570      -0.001710     172.922592
    0.21      2169        81      76.233002      61.115002       0.216450       0.075330       0.000000       0.210200       0.077730      -0.000660       0.206070       0.079740      -0.001280       0.200050       0.083030      -0.001900       0.180740       0.087570      -0.001710     172.922592
    0.25      2170        81      76.167999      60.873001       0.282010       0.106520       0.000000       0.282030       0.106590       0.000360       0.282040       0.106670       0.000650       0.280900       0.105720       0.000980       0.268300       0.100910       0.001090     172.773727
    0.25      2150        81      75.202003      61.115002       0.279600       0.118570       0.000000       0.279380       0.118160      -0.000130       0.278240       0.117320      -0.000340       0.275130       0.113780      -0.000580       0.258300       0.109750      -0.000330     172.773926
    0.25      2169        81      76.233002      61.115002       0.292230       0.112520       0.000000       0.291590       0.112680       0.000130       0.290560       0.112950       0.000290       0.282480       0.114210       0.000450       0.258730       0.113450       0.000600     172.773529
    0.25      2169        81      76.233002      61.115002       0.292230       0.112520       0.000000       0.291590       0.112680       0.000130       0.290560       0.112950       0.000290       0.282480       0.114210       0.000450       0.258730       0.113450       0.000600     172.773529
    0.25      2169        81      76.233002      61.115002       0.292230       0.112520       0.000000       0.291590       0.112680       0.000130       0.290560       0.112950       0.000290       0.282480       0.114210       0.000450       0.258730       0.113450       0.000600     172.773529
    0.29      2170        81      76.167999      60.873001       0.333140       0.124540       0.000000       0.332580       0.124420      -0.001660       0.331330       0.124240      -0.003040       0.321670       0.124740      -0.003840       0.288710       0.122420      -0.002990     172.699799
    0.29      2150        81      75.202003      61.115002       0.325350       0.130080       0.000000       0.325150       0.130980       0.003190       0.324570       0.132690       0.005750       0.317730       0.139660       0.007130       0.283230       0.144750       0.004390     172.699875
    0.29      2169        81      76.233002      61.115002       0.340860       0.122770       0.000000       0.340190       0.123790       0.001450       0.337490       0.126800       0.002660       0.321440       0.136660       0.003110       0.271730       0.139040       0.001650     172.699768
    0.29      2169        81      76.233002      61.115002       0.340860       0.122770       0.000000       0.340190       0.123790       0.001450       0.337490       0.126800       0.002660       0.321440       0.136660       0.003110       0.271730       0.139040       0.001650     172.699768
    0.29      2169        81      76.233002      61.115002       0.340860       0.122770       0.000000       0.340190       0.123790       0.001450       0.337490       0.126800       0.002660       0.321440       0.136660       0.003110       0.271730       0.139040       0.001650     172.699768
    0.33      2170        81      76.167999      60.873001       0.355560       0.124590       0.000000       0.353640       0.125570      -0.000410       0.349240       0.126520      -0.000660       0.335950       0.126580      -0.000400       0.289780       0.118220       0.000260     172.676819
    0.33      2150        81      75.202003      61.115002       0.345950       0.136450       0.000000       0.345270       0.137690       0.002520       0.342220       0.139820       0.004080       0.327150       0.143120       0.004320       0.282330       0.136480       0.002950     172.676971
    0.33      2169        81      76.233002      61.115002       0.364250       0.137980       0.000000       0.362660       0.137560      -0.001430       0.358840       0.137150      -0.002250       0.348280       0.136100      -0.002230       0.304800       0.123770      -0.000960     172.676483
    0.33      2169        81      76.233002      61.115002       0.364250       0.137980       0.000000       0.362660       0.137560      -0.001430       0.358840       0.137150      -0.002250       0.348280       0.136100      -0.002230       0.304800       0.123770      -0.000960     172.676483
    0.33      2169        81      76.233002      61.115002       0.364250       0.137980       0.000000       0.362660       0.137560      -0.001430       0.358840       0.137150      -0.002250       0.348280       0.136100      -0.002230       0.304800       0.123770      -0.000960     172.676483
    0.38      2170        81      76.167999      60.873001       0.020270       0.003130       0.000000       0.017330       0.000930      -0.002120       0.008090      -0.002670      -0.002390      -0.017690      -0.006090       0.000180      -0.055170      -0.006960       0.002750     173.457138
    0.38      2150        81      75.202003      61.115002       0.014420      -0.006540       0.000000       0.012030      -0.006850       0.003100       0.002760      -0.006800       0.005700      -0.023260      -0.005270       0.007550      -0.058810      -0.001720       0.007060     173.461044
    0.38      2169        81      76.233002      61.115002       0.008230      -0.011890       0.000000       0.003430      -0.010080       0.002800      -0.014900      -0.002770       0.004620      -0.034970       0.004650       0.003910      -0.062840       0.009960       0.001890     173.457230
    0.38      2169        81      76.233002      61.115002       0.008230      -0.011890       0.000000       0.003430      -0.010080       0.002800      -0.014900      -0.002770       0.004620      -0.034970       0.004650       0.003910      -0.062840       0.009960       0.001890     173.457230
    0.38      2169        81      76.233002      61.115002       0.008230      -0.011890       0.000000       0.003430      -0.010080       0.002800      -0.014900      -0.002770       0.004620      -0.034970       0.004650       0.003910      -0.062840       0.009960       0.001890     173.457230
    0.42      2170        81      76.167999      60.873001      -0.038500      -0.037100       0.000000      -0.047500      -0.037870       0.000450      -0.066690      -0.035470       0.002770      -0.083950      -0.025030       0.006510      -0.098110      -0.004620       0.006490     173.385208
    0.42      2150        81      75.202003      61.115002      -0.049680      -0.046760       0.000000      -0.059560      -0.045460       0.007530      -0.080400      -0.037070       0.013180      -0.091400      -0.026990       0.014290      -0.097910      -0.012040       0.010380     173.383759
    0.42      2169        81      76.233002      61.115002      -0.045180      -0.046360       0.000000      -0.049910      -0.042930       0.001030      -0.066400      -0.027280       0.001560      -0.074590      -0.014300       0.000290      -0.086440       0.003450      -0.000420     173.390717
    0.42      2169        81      76.233002      61.115002      -0.045180      -0.046360       0.000000      -0.049910      -0.042930       0.001030      -0.066400      -0.027280       0.001560      -0.074590      -0.014300       0.000290      -0.086440       0.003450      -0.000420     173.390717
    0.42      2169        81      76.233002      61.115002      -0.045180      -0.046360       0.000000      -0.049910      -0.042930       0.001030      -0.066400      -0.027280       0.001560      -0.074590      -0.014300       0.000290      -0.086440       0.003450      -0.000420     173.390717
    0.46      2170        81      76.167999      60.873001      -0.142810      -0.061530       0.000000      -0.152160      -0.059940       0.003770      -0.168450      -0.060040       0.006790      -0.182510      -0.064430       0.007420      -0.179710      -0.067620       0.004790     173.429764
    0.46      2150        81      75.202003      61.115002      -0.135680      -0.070920       0.000000      -0.143240      -0.067780       0.005110      -0.157540      -0.063740       0.008910      -0.171180      -0.063570       0.009440      -0.169210      -0.066610       0.005950     173.428146
    0.46      2169        81      76.233002      61.115002      -0.137200      -0.071110       0.000000      -0.143100      -0.068280      -0.000300      -0.153030      -0.065680      -0.000050      -0.163800      -0.064040       0.000970      -0.165870      -0.058190       0.001600     173.432678
    0.46      2169        81      76.233002      61.115002      -0.137200      -0.071110       0.000000      -0.143100      -0.068280      -0.000300      -0.153030      -0.065680      -0.000050      -0.163800      -0.064040       0.000970      -0.165870      -0.058190       0.001600     173.432678
    0.46      2169        81      76.233002      61.115002      -0.137200      -0.071110       0.000000      -0.143100      -0.068280      -0.000300      -0.153030      -0.065680      -0.000050      -0.163800      -0.064040       0.000970      -0.165870      -0.058190       0.001600     173.432678
    0.50      2170        81      76.167999      60.873001       0.005540      -0.009670       0.000000      -0.000190      -0.009120       0.003360      -0.006960      -0.008290       0.005790      -0.009700      -0.006090       0.007120      -0.002220      -0.002320       0.005370     173.354996
    0.50      2150        81      75.202003      61.115002       0.007600      -0.005440       0.000000      -0.000290      -0.005420       0.004170      -0.011110      -0.006940       0.007130      -0.010860      -0.008790       0.008040      -0.002300      -0.011440       0.005190     173.359543
    0.50      2169        81      76.233002      61.115002       0.018960      -0.011450       0.000000       0.015940      -0.009640      -0.000400       0.011820      -0.006690      -0.000360       0.007470      -0.001360       0.000110       0.004280       0.008990       0.000670     173.360825
    0.50      2169        81      76.233002      61.115002       0.018960      -0.011450       0.000000       0.015940      -0.009640      -0.000400       0.011820      -0.006690      -0.000360       0.007470      -0.001360       0.000110       0.004280       0.008990       0.000670     173.360825
    0.50      2169        81      76.233002      61.115002       0.018960      -0.011450       0.000000       0.015940      -0.009640      -0.000400       0.011820      -0.006690      -0.000360       0.007470      -0.001360       0.000110       0.004280       0.008990       0.000670     173.360825
    0.04      2218        82      80.000000      60.542000       0.000000       0.000000       0.000000       0.000000       0.000000       0.000000       0.000000       0.000000       0.000000       0.000000       0.000000       0.000000       0.000000       0.000000       0.000000       0.000000
    0.04      2199        82      79.983002      60.174000       0.000000       0.000000       0.000000       0.000000       0.000000       0.000000       0.000000       0.000000       0.000000       0.000000       0.000000       0.000000       0.000000       0.000000       0.000000       0.000000
    0.04      2217        82      80.327003      60.452000       0.000000       0.000000       0.000000       0.000000       0.000000       0.000000       0.000000       0.000000       0.000000       0.000000       0.000000       0.000000       0.000000       0.000000       0.000000       0.000000
    0.04      2217        82      80.327003      60.452000       0.000000       0.000000       0.000000       0.000000       0.000000       0.000000       0.000000       0.000000       0.000000       0.000000       0.000000       0.000000       0.000000       0.000000       0.000000       0.000000
    0.04      2217        82      80.327003      60.452000       0.000000       0.000000       0.000000       0.000000       0.000000       0.000000       0.000000       0.000000       0.000000       0.000000       0.000000       0.000000       0.000000       0.000000       0.000000       0.000000
    0.08      2218        82      80.000000      60.542000       0.000000       0.000000       0.000000       0.000000       0.000000       0.000000       0.000000       0.000000       0.000000       0.000000       0.000000       0.000000       0.000000       0.000000       0.000000       0.000000
    0.08      2199        82      79.983002      60.174000       0.000000       0.000000       0.000000       0.000000       0.000000       0.000000       0.000000       0.000000       0.000000       0.000000       0.000000       0.000000       0.000000       0.000000       0.000000       0.000000
    0.08      2217        82      80.327003      60.452000       0.000000       0.000000       0.000000       0.000000       0.000000       0.000000       0.000000       0.000000       0.000000       0.000000       0.000000       0.000000       0.000000       0.000000       0.000000       0.000000
    0.08      2217        82      80.327003      60.452000       0.000000       0.000000       0.000000       0.000000       0.000000       0.000000       0.000000       0.000000       0.000000       0.000000       0.000000       0.000000       0.000000       0.000000       0.000000       0.000000
    0.08      2217        82      80.327003      60.452000       0.000000       0.000000       0.000000       0.000000       0.000000       0.000000       0.000000       0.000000       0.000000       0.000000       0.000000       0.000000       0.000000       0.000000       0.000000       0.000000
    0.13      2218        82      80.000000      60.542000       0.000000       0.000000       0.000000       0.000000       0.000000       0.000000       0.000000       0.000000       0.000000       0.000000       0.000000       0.000000       0.000000       0.000000       0.000000       0.000000
    0.13      2199        82      79.983002      60.174000       0.000000       0.000000       0.000000       0.000000       0.000000       0.000000       0.000000       0.000000       0.000000       0.000000       0.000000       0.000000       0.000000       0.000000       0.000000       0.000000
    0.13      2217        82      80.327003      60.452000       0.000000       0.000000       0.000000       0.000000       0.000000       0.000000       0.000000       0.000000       0.000000       0.000000       0.000000       0.000000       0.000000       0.000000       0.000000       0.000000
    0.13      2217        82      80.327003      60.452000       0.000000       0.000000       0.000000       0.000000       0.000000       0.000000       0.000000       0.000000       0.000000       0.000000       0.000000       0.000000       0.000000       0.000000       0.000000       0.000000
    0.13      2217        82      80.327003      60.452000       0.000000       0.000000       0.000000       0.000000       0.000000       0.000000       0.000000       0.000000       0.000000       0.000000       0.000000       0.000000       0.000000       0.000000       0.000000       0.000000
    0.17      2218        82      80.000000      60.542000       0.000000       0.000000       0.000000       0.000000       0.000000       0.000000       0.000000       0.000000       0.000000       0.000000       0.000000       0.000000       0.000000       0.000000       0.000000       0.000000
    0.17      2199        82      79.983002      60.174000       0.000000       0.000000       0.000000       0.000000       0.000000       0.000000       0.000000       0.000000       0.000000       0.000000       0.000000       0.000000       0.000000       0.000000       0.000000       0.000000
    0.17      2217        82      80.327003      60.452000       0.000000       0.000000       0.000000       0.000000       0.000000       0.000000       0.000000       0.000000       0.000000       0.000000       0.000000       0.000000       0.000000       0.000000       0.000000       0.000000
    0.17      2217        82      80.327003      60.452000       0.000000       0.000000       0.000000       0.000000       0.000000       0.000000       0.000000       0.000000       0.000000       0.000000       0.000000       0.000000       0.000000       0.000000       0.000000       0.000000
    0.17      2217        82      80.327003      60.452000       0.000000       0.000000       0.000000       0.000000       0.000000       0.000000       0.000000       0.000000       0.000000       0.000000       0.000000       0.000000       0.000000       0.000000       0.000000       0.000000
    0.21      2218        82      80.000000      60.542000       0.000000       0.000000       0.000000       0.000000       0.000000       0.000000       0.000000       0.000000       0.000000       0.000000       0.000000       0.000000       0.000000       0.000000       0.000000       0.000000
    0.21      2199        82      79.983002      60.174000       0.000000       0.000000       0.000000       0.000000       0.000000       0.000000       0.000000       0.000000       0.000000       0.000000       0.000000       0.000000       0.000000       0.000000       0.000000       0.000000
    0.21      2217        82      80.327003      60.452000       0.000000       0.000000       0.000000       0.000000       0.000000       0.000000       0.000000       0.000000       0.000000       0.000000       0.000000       0.000000       0.000000       0.000000       0.000000       0.000000
    0.21      2217        82      80.327003      60.452000       0.000000       0.000000       0.000000       0.000000       0.000000       0.000000       0.000000       0.000000       0.000000       0.000000       0.000000       0.000000       0.000000       0.000000       0.000000       0.000000
    0.21      2217        82      80.327003      60.452000       0.000000       0.000000       0.000000       0.000000       0.000000       0.000000       0.000000       0.000000       0.000000       0.000000       0.000000       0.000000       0.000000       0.000000       0.000000       0.000000
    0.25      2218        82      80.000000      60.542000       0.000000       0.000000       0.000000       0.000000       0.000000       0.000000       0.000000       0.000000       0.000000       0.000000       0.000000       0.000000       0.000000       0.000000       0.000000       0.000000
    0.25      2199        82      79.983002      60.174000       0.000000       0.000000       0.000000       0.000000       0.000000       0.000000       0.000000       0.000000       0.000000       0.000000       0.000000       0.000000       0.000000       0.000000       0.000000       0.000000
    0.25      2217        82      80.327003      60.452000       0.000000       0.000000       0.000000       0.000000       0.000000       0.000000       0.000000       0.000000       0.000000       0.000000       0.000000       0.000000       0.000000       0.000000       0.000000       0.000000
    0.25      2217        82      80.327003      60.452000       0.000000       0.000000       0.000000       0.000000       0.000000       0.000000       0.000000       0.000000       0.000000       0.000000       0.000000       0.000000       0.000000       0.000000       0.000000       0.000000
    0.25      2217        82      80.327003      60.452000       0.000000       0.000000       0.000000       0.000000       0.000000       0.000000       0.000000       0.000000       0.000000       0.000000       0.000000       0.000000       0.000000       0.000000       0.000000       0.000000
    0.29      2218        82      80.000000      60.542000       0.000000       0.000000       0.000000       0.000000       0.000000       0.000000       0.000000       0.000000       0.000000       0.000000       0.000000       0.000000       0.000000       0.000000       0.000000       0.000000
    0.29      2199        82      79.983002      60.174000       0.000000       0.000000       0.000000       0.000000       0.000000       0.000000       0.000000       0.000000       0.000000       0.000000       0.000000       0.000000       0.000000       0.000000       0.000000       0.000000
    0.29      2217        82      80.327003      60.452000       0.000000       0.000000       0.000000       0.000000       0.000000       0.000000       0.000000       0.000000       0.000000       0.000000       0.000000       0.000000       0.000000       0.000000       0.000000       0.000000
    0.29      2217        82      80.327003      60.452000       0.000000       0.000000       0.000000       0.000000       0.000000       0.000000       0.000000       0.000000       0.000000       0.000000       0.000000       0.000000       0.000000       0.000000       0.000000       0.000000
    0.29      2217        82      80.327003      60.452000       0.000000       0.000000       0.000000       0.000000       0.000000       0.000000       0.000000       0.000000       0.000000       0.000000       0.000000       0.000000       0.000000       0.000000       0.000000       0.000000
    0.33      2218        82      80.000000      60.542000       0.000000       0.000000       0.000000       0.000000       0.000000       0.000000       0.000000       0.000000       0.000000       0.000000       0.000000       0.000000       0.000000       0.000000       0.000000       0.000000
    0.33      2199        82      79.983002      60.174000       0.000000       0.000000       0.000000       0.000000       0.000000       0.000000       0.000000       0.000000       0.000000       0.000000       0.000000       0.000000       0.000000       0.000000       0.000000       0.000000
    0.33      2217        82      80.327003      60.452000       0.000000       0.000000       0.000000       0.000000       0.000000       0.000000       0.000000       0.000000       0.000000       0.000000       0.000000       0.000000       0.000000       0.000000       0.000000       0.000000
    0.33      2217        82      80.327003      60.452000       0.000000       0.000000       0.000000       0.000000       0.000000       0.000000       0.000000       0.000000       0.000000       0.000000       0.000000       0.000000       0.000000       0.000000       0.000000       0.000000
    0.33      2217        82      80.327003      60.452000       0.000000       0.000000       0.000000       0.000000       0.000000       0.000000       0.000000       0.000000       0.000000       0.000000       0.000000       0.000000       0.000000       0.000000       0.000000       0.000000
    0.38      2218        82      80.000000      60.542000       0.000000       0.000000       0.000000       0.000000       0.000000       0.000000       0.000000       0.000000       0.000000       0.000000       0.000000       0.000000       0.000000       0.000000       0.000000       0.000000
    0.38      2199        82      79.983002      60.174000       0.000000       0.000000       0.000000       0.000000       0.000000       0.000000       0.000000       0.000000       0.000000       0.000000       0.000000       0.000000       0.000000       0.000000       0.000000       0.000000
    0.38      2217        82      80.327003      60.452000       0.000000       0.000000       0.000000       0.000000       0.000000       0.000000       0.000000       0.000000       0.000000       0.000000       0.000000       0.000000       0.000000       0.000000       0.000000       0.000000
    0.38      2217        82      80.327003      60.452000       0.000000       0.000000       0.000000       0.000000       0.000000       0.000000       0.000000       0.000000       0.000000       0.000000       0.000000       0.000000       0.000000       0.000000       0.000000       0.000000
    0.38      2217        82      80.327003      60.452000       0.000000       0.000000       0.000000       0.000000       0.000000       0.000000       0.000000       0.000000       0.000000       0.000000       0.000000       0.000000       0.000000       0.000000       0.000000       0.000000
    0.42      2218        82      80.000000      60.542000       0.000000       0.000000       0.000000       0.000000       0.000000       0.000000       0.000000       0.000000       0.000000       0.000000       0.000000       0.000000       0.000000       0.000000       0.000000       0.000000
    0.42      2199        82      79.983002      60.174000       0.000000       0.000000       0.000000       0.000000       0.000000       0.000000       0.000000       0.000000       0.000000       0.000000       0.000000       0.000000       0.000000       0.000000       0.000000       0.000000
    0.42      2217        82      80.327003      60.452000       0.000000       0.000000       0.000000       0.000000       0.000000       0.000000       0.000000       0.000000       0.000000       0.000000       0.000000       0.000000       0.000000       0.000000       0.000000       0.000000
    0.42      2217        82      80.327003      60.452000       0.000000       0.000000       0.000000       0.000000       0.000000       0.000000       0.000000       0.000000       0.000000       0.000000       0.000000       0.000000       0.000000       0.000000       0.000000       0.000000
    0.42      2217        82      80.327003      60.452000       0.000000       0.000000       0.000000       0.000000       0.000000       0.000000       0.000000       0.000000       0.000000       0.000000       0.000000       0.000000       0.000000       0.000000       0.000000       0.000000
    0.46      2218        82      80.000000      60.542000       0.000000       0.000000       0.000000       0.000000       0.000000       0.000000       0.000000       0.000000       0.000000       0.000000       0.000000       0.000000       0.000000       0.000000       0.000000       0.000000
    0.46      2199        82      79.983002      60.174000       0.000000       0.000000       0.000000       0.000000       0.000000       0.000000       0.000000       0.000000       0.000000       0.000000       0.000000       0.000000       0.000000       0.000000       0.000000       0.000000
    0.46      2217        82      80.327003      60.452000       0.000000       0.000000       0.000000       0.000000       0.000000       0.000000       0.000000       0.000000       0.000000       0.000000       0.000000       0.000000       0.000000       0.000000       0.000000       0.000000
    0.46      2217        82      80.327003      60.452000       0.000000       0.000000       0.000000       0.000000       0.000000       0.000000       0.000000       0.000000       0.000000       0.000000       0.000000       0.000000       0.000000       0.000000       0.000000       0.000000
    0.46      2217        82      80.327003      60.452000       0.000000       0.000000       0.000000       0.000000       0.000000       0.000000       0.000000       0.000000       0.000000       0.000000       0.000000       0.000000       0.000000       0.000000       0.000000       0.000000
    0.50      2218        82      80.000000      60.542000       0.000000       0.000000       0.000000       0.000000       0.000000       0.000000       0.000000       0.000000       0.000000       0.000000       0.000000       0.000000       0.000000       0.000000       0.000000       0.000000
    0.50      2199        82      79.983002      60.174000       0.000000       0.000000       0.000000       0.000000       0.000000       0.000000       0.000000       0.000000       0.000000       0.000000       0.000000       0.000000       0.000000       0.000000       0.000000       0.000000
    0.50      2217        82      80.327003      60.452000       0.000000       0.000000       0.000000       0.000000       0.000000       0.000000       0.000000       0.000000       0.000000       0.000000       0.000000       0.000000       0.000000       0.000000       0.000000       0.000000
    0.50      2217        82      80.327003      60.452000       0.000000       0.000000       0.000000       0.000000       0.000000       0.000000       0.000000       0.000000       0.000000       0.000000       0.000000       0.000000       0.000000       0.000000       0.000000       0.000000
    0.50      2217        82      80.327003      60.452000       0.000000       0.000000       0.000000       0.000000       0.000000       0.000000       0.000000       0.000000       0.000000       0.000000       0.000000       0.000000       0.000000       0.000000       0.000000       0.000000
